u_unit: [ 0.13867505  0.20801257  0.34668762  0.48536267  0.76271277]
v_unit: [ 0.58834841  0.19611614  0.78446454]
u_norm * v_norm: 73.5391052434
A [[ 6  2  8]
 [ 9  3 12]
 [15  5 20]
 [21  7 28]
 [33 11 44]]
U [[-0.13867505 -0.90525853  0.05120916 -0.10647012 -0.38382022]
 [-0.20801257  0.00870549 -0.97537707 -0.01944991 -0.07011608]
 [-0.34668762 -0.27562027  0.01559144  0.67469027  0.59024665]
 [-0.48536267  0.31044224  0.1449195   0.45461688 -0.66360419]
 [-0.76271277  0.08994602  0.15739265 -0.57131633  0.24290771]]
sigma: [[  7.35391052e+01   0.00000000e+00   0.00000000e+00]
 [  0.00000000e+00   6.18851193e-15   0.00000000e+00]
 [  0.00000000e+00   0.00000000e+00   8.11731175e-31]]
Vh: [[-0.58834841 -0.19611614 -0.78446454]
 [ 0.80860754 -0.14269545 -0.57078179]
 [-0.          0.9701425  -0.24253563]]
